0 0.050000 
1 1.050000 
2 2.050000 
3 3.050000 
4 4.050000 
5 5.050000
82 82.050003 
83 83.050003 
84 84.050003 
85 85.050003 
86 86.050003 
87 87.050003 
88 88.050003 
89 89.050003 
90 90.050003 
91 91.050003 
92 92.050003 
93 93.050003 
94 94.050003 
95 95.050003 
96 96.050003 
97 97.050003 
98 98.050003 
99 99.050003 
6 6.050000 
7 7.050000 
8 8.050000 
9 9.050000 
10 10.050000 
11 11.050000 
12 12.050000 
13 13.050000 
14 14.050000 
15 15.050000 
16 16.049999
82 82.050003 
83 83.050003 
84 84.050003 
85 85.050003 
86 86.050003 
87 87.050003 
88 88.050003 
89 89.050003 
90 90.050003 
91 91.050003 
92 92.050003 
93 93.050003 
94 94.050003 
95 95.050003 
96 96.050003 
97 97.050003 
98 98.050003 
99 99.050003 
17 17.049999 
18 18.049999 
19 19.049999 
20 20.049999 
21 21.049999 
22 22.049999 
23 23.049999 
24 24.049999 
25 25.049999 
26 26.049999 
27 27.049999 
28 28.049999 
29 29.049999 
30 30.049999 
31 31.049999 
32 32.049999 
33 33.049999 
34 34.049999 
35 35.049999 
36 36.049999 
37 37.049999 
38 38.049999 
39 39.049999 
40 40.049999 
41 41.049999 
42 42.049999 
43 43.049999 
44 44.049999 
45 45.049999 
46 46.049999 
47 47.049999 
48 48.049999 
49 49.049999 
50 50.049999 
51 51.049999 
52 52.049999 
53 53.049999 
54 54.049999 
55 55.049999 
56 56.049999 
57 57.049999 
58 58.049999 
59 59.049999 
60 60.049999 
61 61.049999 
62 62.049999 
63 63.049999 
64 64.050003 
65 65.050003 
66 66.050003 
67 67.050003 
68 68.050003 
69 69.050003 
70 70.050003 
71 71.050003 
72 72.050003 
73 73.050003 
74 74.050003 
75 75.050003 
76 76.050003 
77 77.050003 
78 78.050003 
79 79.050003 
80 80.050003 
81 81.050003 

